2.565945267677307 0.0 1.0 0.0
4.565945267677307 0.0 1.0 0.0
6.565945267677307 0.0 0.289929323909306 15.071786536638223
8.565945267677307 0.0 0.3502592173288263 37.21725585805228
10.565945267677307 0.0 0.4868651820214236 64.96004334281457
12.565945267677307 0.0 0.2377259806578354 75.75511309765677
14.565945267677307 0.0 0.3667464652889457 96.86103210077205
16.565945267677307 0.0 0.33803850077469166 99.02817282947312
18.565945267677307 1.979914546882326e-263 0.2034701776007513 99.93904916700528
20.565945267677307 1.5620709807818392e-172 0.16491629111087672 100.0
22.565945267677307 9.411832729955967e-29 0.06474092905000012 99.19409454151429
24.565945267677307 3.290868932476128e-07 0.029712046250523934 99.97291074089124
26.565945267677307 1.0 0.0 99.90180143573073
28.565945267677307 1.0 0.0 99.96275226872545
30.565945267677307 1.0 0.0 99.98645537044561
32.56594526767731 1.0 0.0 100.0
34.56594526767731 1.0 0.0 100.0
36.56594526767731 1.0 0.0 100.0
38.56594526767731 1.0 0.0 100.0
40.56594526767731 1.0 0.0 100.0
42.56594526767731 1.0 0.0 100.0
44.56594526767731 1.0 0.0 100.0
46.56594526767731 1.0 0.0 100.0
48.56594526767731 1.0 0.0 100.0
