251.1751635620083 1
251.98037473196425 2
252.78558590192023 0
253.59079707187618 1
254.39600824183216 1
255.20121941178812 3
256.0064305817441 3
256.81164175170005 4
257.616852921656 7
258.42206409161196 10
259.22727526156797 5
260.0324864315239 14
260.8376976014799 12
261.6429087714358 17
262.44811994139184 34
263.2533311113478 39
264.05854228130374 44
264.8637534512597 45
265.66896462121565 63
266.47417579117166 52
267.2793869611276 61
268.08459813108357 72
268.8898093010395 66
269.6950204709955 68
270.5002316409515 77
271.30544281090744 63
272.1106539808634 74
272.91586515081934 83
273.7210763207753 80
274.5262874907313 70
275.33149866068726 84
276.1367098306432 74
276.94192100059917 78
277.7471321705552 76
278.55234334051113 80
279.3575545104671 76
280.16276568042304 88
280.967976850379 92
281.773188020335 97
282.57839919029095 106
283.3836103602469 118
284.18882153020286 117
284.99403270015887 136
285.7992438701148 143
286.6044550400708 146
287.4096662100267 207
288.2148773799827 219
289.0200885499387 214
289.82529971989464 252
290.6305108898506 222
291.43572205980655 279
292.2409332297625 318
293.0461443997185 294
293.85135556967447 304
294.6565667396304 349
295.4617779095864 327
296.2669890795423 327
297.07220024949834 317
297.8774114194543 356
298.68262258941024 325
299.4878337593662 330
300.2930449293222 289
301.09825609927816 295
301.9034672692341 253
302.70867843919007 237
303.5138896091461 220
304.31910077910203 218
305.124311949058 187
305.92952311901394 175
306.7347342889699 154
307.5399454589259 121
308.34515662888185 103
309.1503677988378 87
309.95557896879376 91
310.7607901387497 65
311.5660013087057 58
312.3712124786617 46
313.17642364861763 44
313.9816348185736 40
314.78684598852954 30
315.59205715848555 39
316.3972683284415 38
317.20247949839745 23
318.0076906683534 17
318.81290183830936 19
319.61811300826537 24
320.4233241782213 23
321.2285353481773 12
322.0337465181333 15
322.8389576880892 19
323.6441688580452 16
324.44938002800114 18
325.2545911979571 18
326.0598023679131 21
326.86501353786906 19
327.670224707825 24
328.47543587778097 11
329.2806470477369 11
330.08585821769293 17
330.8910693876489 14
