256.4381087920076 3
257.19020585991086 2
257.9423029278142 1
258.69439999571745 2
259.44649706362077 0
260.19859413152403 3
260.9506911994273 4
261.7027882673306 8
262.4548853352339 5
263.20698240313715 10
263.95907947104047 16
264.71117653894373 17
265.46327360684705 33
266.2153706747503 36
266.9674677426536 38
267.7195648105569 45
268.47166187846017 31
269.22375894636343 52
269.97585601426675 48
270.72795308217 64
271.48005015007334 99
272.2321472179766 123
272.98424428587987 151
273.7363413537832 136
274.48843842168645 173
275.2405354895898 195
275.99263255749304 238
276.7447296253963 250
277.4968266932996 308
278.2489237612029 339
279.00102082910615 384
279.7531178970095 411
280.50521496491274 437
281.25731203281606 439
282.0094091007193 515
282.7615061686226 526
283.5136032365259 507
284.2657003044292 567
285.01779737233244 554
285.76989444023576 479
286.521991508139 521
287.27408857604235 533
288.0261856439456 534
288.7782827118489 498
289.5303797797522 488
290.28247684765546 516
291.0345739155588 449
291.78667098346205 447
292.5387680513653 374
293.29086511926863 379
294.0429621871719 392
294.79505925507516 398
295.5471563229785 363
296.29925339088174 340
297.05135045878507 328
297.80344752668833 323
298.5555445945916 294
299.3076416624949 298
300.0597387303982 292
300.81183579830144 281
301.56393286620477 309
302.31602993410803 229
303.06812700201135 245
303.8202240699146 257
304.5723211378179 226
305.3244182057212 215
306.07651527362447 203
306.8286123415278 181
307.58070940943105 219
308.3328064773343 170
309.08490354523764 162
309.8370006131409 162
310.58909768104417 142
311.3411947489475 129
312.09329181685075 131
312.8453888847541 115
313.59748595265734 106
314.3495830205606 86
315.1016800884639 77
315.8537771563672 65
316.60587422427045 72
317.3579712921738 59
318.11006836007704 48
318.86216542798036 42
319.6142624958836 37
320.3663595637869 29
321.1184566316902 41
321.8705536995935 25
322.6226507674968 23
323.37474783540006 12
324.1268449033033 13
324.87894197120664 14
325.6310390391099 4
326.38313610701323 7
327.1352331749165 11
327.88733024281976 9
328.639427310723 13
329.39152437862634 2
330.1436214465296 5
330.89571851443293 7
