0.433
0.418
0.401
0.408
0.406
0.387
0.386
0.390
0.377
0.363
0.370
0.367
0.347
0.340
0.344
0.334
0.315
0.321
0.318
0.300
0.294
0.300
0.291
0.266
0.269
0.277
0.264
0.247
0.250
0.248
0.240
0.225
0.210
0.191
0.172
0.175
0.190
0.200
0.214
0.229
0.240
0.222
0.212
0.221
0.216
0.195
0.196
0.209
0.191
0.175
0.186
0.185
0.166
0.163
0.171
0.163
0.145
0.150
0.153
0.136
0.124
0.110
0.100
0.089
0.080
0.056
0.056
0.025
0.048
0.019
0.046
0.055
0.065
0.061
0.074
0.085
0.087
0.111
0.108
0.120
0.133
0.148
0.144
0.142
0.156
0.154
0.150
0.134
0.130
0.130
0.110
0.103
0.111
0.099
0.084
0.081
0.097
0.099
0.085
0.086
0.078
0.060
0.063
0.064
0.056
0.050
0.038
0.037
0.035
0.019
0.038
0.018
0.037
0.028
0.040
0.036
0.048
0.052
0.038
0.057
0.061
0.065
0.062
0.050
0.054
0.056
0.039
0.028
0.031
0.030
0.026
0.027
0.024
0.036
0.030
0.036
0.034
0.052
0.054
0.050
0.060
0.072
0.066
0.072
0.089
0.100
0.089
0.095
0.113
0.102
0.105
0.124
0.118
0.100
0.097
0.083
0.065
0.057
0.046
0.048
0.053
0.036
0.027
0.034
0.034
0.023
0.027
0.028
0.030
0.021
0.032
0.029
0.037
0.057
0.033
0.029
0.029
0.031
0.026
0.026
0.032
0.030
0.031
0.036
0.044
0.044
0.041
0.052
0.065
0.058
0.053
0.061
0.054
0.041
0.043
0.039
0.033
0.026
0.030
0.027
0.029
0.031
0.032
0.045
0.051
0.056
0.036
0.037
0.044
0.051
0.029
0.031
0.038
0.036
0.044
0.034
0.028
0.035
0.037
0.022
0.027
0.040
0.034
0.018
0.029
0.039
0.024
0.027
0.032
0.033
0.031
0.028
0.037
0.048
0.053
0.098
0.111
0.184
0.159
0.141
0.151
0.061
0.056
0.063
0.078
0.072
0.069
0.065
0.082
0.081
0.064
0.067
0.084
0.074
0.056
0.072
0.079
0.066
0.060
0.077
0.069
0.088
0.083
0.100
0.108
0.081
0.083
0.105
0.097
0.079
0.093
0.093
0.073
0.075
0.095
0.097
0.112
0.111
0.105
0.088
0.078
0.098
0.089
0.071
0.072
0.080
0.066
0.047
0.062
0.065
0.048
0.045
0.057
0.054
0.036
0.041
0.055
0.038
0.035
0.041
0.043
0.021
0.018
0.038
0.023
0.024
0.017
0.032
0.011
0.014
0.020
0.109
0.209
0.209
0.213
0.200
0.187
0.195
0.194
0.176
0.181
0.189
0.175
0.167
0.182
0.181
0.165
0.164
0.179
0.173
0.161
0.163
0.177
0.158
0.153
0.163
0.167
0.152
0.154
0.165
0.160
0.147
0.152
0.168
0.172
0.185
0.172
0.162
0.152
0.145
0.157
0.148
0.125
0.128
0.140
0.126
0.125
0.141
0.138
0.111
0.124
0.136
0.127
0.116
0.124
0.131
0.112
0.106
0.128
0.119
0.103
0.108
0.123
0.132
0.140
0.155
0.165
0.188
0.197
0.221
0.229
0.237
0.240
0.224
0.203
0.191
0.178
0.168
0.174
0.153
0.147
0.131
0.129
0.110
0.104
0.105
0.095
0.103
0.105
0.112
0.098
0.094
0.104
0.107
0.090
0.097
0.113
0.115
0.131
0.110
0.098
0.087
0.102
0.114
0.097
0.094
0.114
0.116
0.100
0.105
0.119
0.116
0.105
0.116
0.140
0.152
0.177
0.179
0.197
0.197
0.193
0.185
0.195
0.194
0.205
0.221
0.210
0.196
0.183
0.164
0.145
0.124
0.117
0.104
0.103
0.127
0.124
0.114
0.122
0.138
0.130
0.122
0.134
0.150
0.128
0.128
0.149
0.147
0.132
0.138
0.149
0.130
0.127
0.140
0.136
0.110
0.104
0.090
0.087
0.078
0.062
0.078
0.083
0.067
0.064
0.079
0.073
0.053
0.065
0.078
0.064
0.060
0.069
0.067
0.060
0.066
0.060
0.060
0.071
0.060
0.075
0.069
0.084
0.097
0.087
0.088
0.108
0.109
0.099
0.108
0.130
0.123
0.109
0.120
0.117
0.098
0.105
0.104
0.086
0.076
0.085
0.078
0.056
0.061
0.061
0.045
0.040
0.037
0.051
0.052
0.045
0.043
0.057
0.060
0.065
0.063
0.057
0.075
0.082
0.061
0.069
0.079
0.076
0.064
0.074
0.079
0.070
0.063
0.080
0.077
0.052
0.065
0.079
0.059
0.048
0.041
0.030
0.112
0.211
0.356
0.451
0.439
0.313
0.132
0.036
0.026
0.027
0.018
0.036
0.044
0.028
0.033
0.044
0.040
0.035
0.022
0.040
0.039
0.024
0.039
0.047
0.043
0.032
0.019
0.019
0.015
0.015
0.014
0.009
0.023
0.020
0.023
0.018
0.015
0.025
0.014
0.000
0.013
0.012
0.018
0.021
0.009
0.008
0.018
0.006
0.025
0.017
0.021
0.020
0.026
0.024
0.020
0.032
0.035
0.030
0.030
0.046
0.040
0.032
0.046
0.058
0.044
0.050
0.067
0.068
0.057
0.068
0.082
0.068
0.070
0.084
0.097
0.078
0.140
0.110
0.110
0.096
0.109
0.122
0.110
0.110
0.131
0.125
0.108
0.119
0.129
0.112
0.107
0.125
0.126
0.106
0.112
0.125
0.110
0.095
0.116
0.123
0.104
0.101
0.120
0.118
0.098
0.108
0.119
0.111
0.089
0.072
0.078
0.089
0.100
0.118
0.115
0.100
0.118
0.130
0.115
0.111
0.130
0.133
0.119
0.125
0.145
0.131
0.125
0.140
0.151
0.137
0.134
0.158
0.155
0.141
0.153
0.169
0.161
0.144
0.142
0.137
0.131
0.117
0.108
0.087
0.075
0.075
0.082
0.075
0.080
0.085
0.086
0.098
0.102
0.115
0.128
0.131
0.149
0.148
0.163
0.178
0.178
0.187
0.170
0.170
0.161
0.179
0.177
0.159
0.162
0.180
0.172
0.155
0.156
0.177
0.189
0.190
0.181
0.161
0.150
0.165
0.169
0.146
0.147
0.162
0.159
0.143
0.139
0.152
0.143
0.129
0.123
0.110
0.106
0.100
0.099
0.098
0.099
0.111
0.104
0.109
0.102
0.109
0.114
0.119
0.119
0.121
0.133
0.145
0.156
0.165
0.148
0.142
0.163
0.154
0.142
0.136
0.158
0.147
0.140
0.151
0.158
0.144
0.146
0.160
0.155
0.152
0.167
0.175
0.167
0.174
0.189
0.202
0.208
0.198
0.214
0.221
0.205
0.202
0.218
0.217
0.198
0.204
0.224
0.209
0.197
0.213
0.217
0.200
0.204
0.204
0.128
0.127
0.107
0.111
0.125
0.109
0.099
0.112
0.104
0.083
0.086
0.090
0.075
0.068
0.069
0.064
0.050
0.051
0.053
0.040
0.037
0.041
0.036
0.024
0.027
0.030
0.036
0.036
0.040
0.025
0.026
0.040
0.042
0.047
0.057
0.061
0.057
0.034
0.050
0.044
0.026
0.050
0.061
0.050
0.057
0.070
0.067
0.065
0.071
0.087
0.075
0.068
0.099
0.095
0.090
0.098
0.116
0.108
0.102
0.124
0.128
0.143
0.144
0.162
0.161
0.185
0.194
0.194
0.214
0.226
0.243
0.259
0.263
0.259
0.261
0.238
0.226
0.217
0.203
0.182
0.168
0.158
0.143
0.135
0.112
0.113
0.110
0.129
0.119
0.123
0.142
0.144
0.141
0.155
0.172
0.173
0.165
0.159
0.160
0.173
0.187
0.195
0.200
0.200
0.218
0.227
0.224
0.232
0.247
0.253
0.256
0.264
0.269
0.277
0.275
0.272
0.280
0.284
0.295
0.313
0.320
0.340
0.342
0.349
0.356
0.362
0.343
0.326
0.304
0.293
0.285
0.279
0.278
0.295
0.307
0.308
0.309
0.327
0.343
0.334
0.340
0.358
0.361
0.357
0.375
0.389
0.381
0.387
0.408
0.407
0.399
0.418
0.425
0.411
0.395
0.374
0.353
0.339
0.324
0.326
0.323
0.306
0.295
0.301
0.292
0.280
0.273
0.273
0.258
0.245
0.247
0.237
0.218
0.895
0.846
0.806
0.786
0.821
0.908
0.925
0.918
0.931
0.912
0.883
0.892
0.893
0.861
0.846
0.864
0.849
0.817
0.819
0.828
0.798
0.779
0.792
0.786
0.751
0.751
0.763
0.736
0.711
0.727
0.724
0.690
0.685
0.704
0.682
0.650
0.663
0.671
0.636
0.622
0.644
0.632
0.594
0.605
0.621
0.589
0.563
0.586
0.586
0.545
0.544
0.568
0.543
0.507
0.527
0.537
0.497
0.485
0.510
0.500
0.456
0.466
0.485
0.455
0.426
0.451
0.455
0.408
0.408
0.433
0.411
0.371
0.392
0.404
0.361
0.346
0.375
0.364
0.318
0.333
0.352
0.317
0.286
0.313
0.313
0.266
0.261
0.289
0.271
0.226
0.242
0.256
0.221
0.194
0.223
0.218
0.176
0.179
0.199
0.180
0.146
0.167
0.175
0.149
0.136
0.155
0.154
0.131
0.138
0.148
0.144
0.133
0.148
0.146
0.148
0.156
0.162
0.162
0.175
0.186
0.181
0.192
0.150
0.090
0.049
0.054
0.069
0.067
0.061
0.076
0.091
0.082
0.089
0.106
0.111
0.097
0.105
0.108
0.090
0.076
0.062
0.067
0.057
0.046
0.041
0.044
0.042
0.028
0.033
0.035
0.017
0.014
0.016
0.012
0.011
0.020
0.021
0.025
0.014
0.014
0.019
0.011
0.019
0.020
0.020
0.086
1.000
0.948
0.893
0.850
0.839
0.916
0.910
0.885
0.887
0.886
0.864
0.850
0.854
0.841
0.818
0.817
0.815
0.795
0.780
0.782
0.774
0.753
0.745
0.745
0.729
0.713
0.710
0.703
0.687
0.679
0.675
0.663
0.652
0.647
0.638
0.624
0.616
0.613
0.600
0.592
0.586
0.578
0.565
0.562
0.557
0.543
0.536
0.535
0.525
0.512
0.510
0.509
0.492
0.484
0.487
0.478
0.463
0.462
0.461
0.449
0.437
0.443
0.439
0.421
0.418
0.424
0.411
0.397
0.404
0.403
0.385
0.378
0.388
0.378
0.361
0.368
0.371
0.356
0.347
0.358
0.350
0.337
0.340
0.345
0.333
0.327
0.334
0.331
0.323
0.324
0.331
0.320
0.320
0.327
0.327
0.320
0.329
0.335
0.328
0.330
0.344
0.345
0.336
0.353
0.364
0.355
0.355
0.379
0.387
0.373
0.388
0.413
0.409
0.400
0.430
0.448
0.432
0.442
0.475
0.477
0.465
0.490
0.048
0.035
0.020
0.026
0.028
0.023
0.020
0.019
0.020
0.023
0.018
0.020
0.021
0.019
0.018
0.014
0.024
0.024
0.020
0.035
0.035
0.036
0.039
0.056
0.065
0.059
0.071
0.083
0.094
0.089
0.101
0.089
0.082
0.077
0.083
0.097
0.109
0.104
0.118
0.131
0.119
0.169
0.241
0.126
0.109
0.112
0.092
0.063
0.065
0.066
0.039
0.052
0.055
0.047
0.079
0.080
0.102
0.122
0.110
0.125
0.165
0.173
0.159
0.183
0.224
0.215
0.217
0.251
0.287
0.271
0.287
0.334
0.341
0.322
0.358
0.402
0.399
0.360
0.330
0.246
0.245
0.261
0.229
0.193
0.215
0.218
0.173
0.162
0.188
0.173
0.133
0.136
0.151
0.120
0.103
0.113
0.113
0.082
0.087
0.091
0.205
0.403
0.354
0.311
0.297
0.287
0.268
0.259
0.255
0.244
0.231
0.237
0.232
0.221
0.209
0.239
0.211
0.185
0.207
0.219
0.190
0.172
0.197
0.198
0.173
0.168
0.193
0.188
0.168
0.170
0.190
0.183
0.169
0.179
0.194
0.190
0.176
0.170
0.228
0.215
0.198
0.172
0.197
0.209
0.176
0.162
0.196
0.196
0.160
0.170
0.200
0.179
0.151
0.177
0.207
0.172
0.156
0.194
0.199
0.159
0.225
0.310
0.456
0.415
0.399
0.393
0.395
0.390
0.374
0.340
0.355
0.378
0.329
0.303
0.337
0.332
0.273
0.283
0.316
0.282
0.237
0.266
0.280
0.226
0.211
0.249
0.229
0.249
0.278
0.277
0.268
0.235
0.225
0.259
0.264
0.232
0.254
0.259
0.224
0.219
0.244
0.237
0.209
0.226
0.250
0.230
0.220
0.255
0.267
0.247
0.256
0.289
0.286
0.272
0.298
0.326
0.310
0.316
0.350
0.355
0.340
0.361
0.395
0.387
0.378
0.398
0.369
0.361
0.324
0.314
0.251
0.189
0.169
0.150
0.144
0.140
0.121
0.102
0.100
0.096
0.079
0.074
0.083
0.082
0.067
0.077
0.094
0.091
0.089
0.107
0.121
0.143
0.151
0.160
0.172
0.198
0.201
0.209
0.229
0.249
0.249
0.259
0.287
0.298
0.295
0.321
0.344
0.346
0.363
0.382
0.441
